{
 "cells": [
  {
   "cell_type": "code",
   "execution_count": 106,
   "metadata": {
    "collapsed": false
   },
   "outputs": [],
   "source": [
    "import pandas as pd\n",
    "import numpy as np\n",
    "import dateutil\n",
    "import datetime\n",
    "import statsmodels.api as sm\n",
    "import statsmodels.formula.api as smf\n",
    "import patsy\n",
    "import seaborn as sns\n",
    "import re\n",
    "from seaborn import plt\n",
    "from sklearn import preprocessing\n",
    "from sklearn.cross_validation import train_test_split\n",
    "from sklearn.decomposition import PCA\n",
    "from sklearn.feature_selection import f_regression, mutual_info_regression\n",
    "from sklearn.feature_selection import mutual_info_regression\n",
    "from sklearn.linear_model import LinearRegression\n",
    "from sklearn.cross_validation import train_test_split\n",
    "from sklearn.linear_model import RidgeCV\n",
    "\n",
    "# various options in pandas\n",
    "pd.set_option('display.max_columns', None)\n",
    "pd.set_option('display.max_rows', 90)\n",
    "pd.set_option('display.max_columns', 90)\n",
    "pd.set_option('display.precision', 10)"
   ]
  },
  {
   "cell_type": "code",
   "execution_count": 4,
   "metadata": {
    "collapsed": true
   },
   "outputs": [],
   "source": [
    "%matplotlib inline\n",
    "from matplotlib import pyplot as plt"
   ]
  },
  {
   "cell_type": "code",
   "execution_count": 120,
   "metadata": {
    "collapsed": false
   },
   "outputs": [],
   "source": [
    "df = pd.read_csv('imdb.csv')\n",
    "df = df.drop('Unnamed: 0', axis = 1)"
   ]
  },
  {
   "cell_type": "code",
   "execution_count": 121,
   "metadata": {
    "collapsed": false
   },
   "outputs": [
    {
     "data": {
      "text/html": [
       "<div>\n",
       "<table border=\"1\" class=\"dataframe\">\n",
       "  <thead>\n",
       "    <tr style=\"text-align: right;\">\n",
       "      <th></th>\n",
       "      <th>title</th>\n",
       "      <th>gross</th>\n",
       "      <th>budget</th>\n",
       "      <th>rating</th>\n",
       "      <th>numvote</th>\n",
       "      <th>genre</th>\n",
       "      <th>mpaa</th>\n",
       "      <th>date</th>\n",
       "      <th>runtime</th>\n",
       "      <th>aspect</th>\n",
       "    </tr>\n",
       "  </thead>\n",
       "  <tbody>\n",
       "    <tr>\n",
       "      <th>0</th>\n",
       "      <td>The Birth of a Nation</td>\n",
       "      <td>3000000</td>\n",
       "      <td>100000</td>\n",
       "      <td>6.8</td>\n",
       "      <td>17162</td>\n",
       "      <td>['Drama', 'History', 'War']</td>\n",
       "      <td>Not Rated</td>\n",
       "      <td>1915-03-03</td>\n",
       "      <td>190</td>\n",
       "      <td>1.33</td>\n",
       "    </tr>\n",
       "    <tr>\n",
       "      <th>1</th>\n",
       "      <td>The Kid</td>\n",
       "      <td>2500000</td>\n",
       "      <td>250000</td>\n",
       "      <td>8.3</td>\n",
       "      <td>68767</td>\n",
       "      <td>['Comedy', 'Drama', 'Family']</td>\n",
       "      <td>Not Rated</td>\n",
       "      <td>1921-02-06</td>\n",
       "      <td>68</td>\n",
       "      <td>1.33</td>\n",
       "    </tr>\n",
       "    <tr>\n",
       "      <th>2</th>\n",
       "      <td>Ben-Hur: A Tale of the Christ</td>\n",
       "      <td>9000000</td>\n",
       "      <td>3900000</td>\n",
       "      <td>8.0</td>\n",
       "      <td>6107</td>\n",
       "      <td>['Adventure', 'Drama', 'Romance']</td>\n",
       "      <td>Not Rated</td>\n",
       "      <td>1927-10-08</td>\n",
       "      <td>143</td>\n",
       "      <td>1.33</td>\n",
       "    </tr>\n",
       "    <tr>\n",
       "      <th>3</th>\n",
       "      <td>The Jazz Singer</td>\n",
       "      <td>3000000</td>\n",
       "      <td>422000</td>\n",
       "      <td>6.8</td>\n",
       "      <td>6866</td>\n",
       "      <td>['Drama', 'Music', 'Musical', 'Romance']</td>\n",
       "      <td>Unrated</td>\n",
       "      <td>1927-10-06</td>\n",
       "      <td>88</td>\n",
       "      <td>1.33</td>\n",
       "    </tr>\n",
       "    <tr>\n",
       "      <th>4</th>\n",
       "      <td>Frankenstein</td>\n",
       "      <td>12000000</td>\n",
       "      <td>291000</td>\n",
       "      <td>8.0</td>\n",
       "      <td>48844</td>\n",
       "      <td>['Drama', 'Horror', 'Sci-Fi']</td>\n",
       "      <td>Not Rated</td>\n",
       "      <td>1931-11-21</td>\n",
       "      <td>70</td>\n",
       "      <td>1.37</td>\n",
       "    </tr>\n",
       "  </tbody>\n",
       "</table>\n",
       "</div>"
      ],
      "text/plain": [
       "                           title     gross   budget  rating  numvote  \\\n",
       "0          The Birth of a Nation   3000000   100000     6.8    17162   \n",
       "1                        The Kid   2500000   250000     8.3    68767   \n",
       "2  Ben-Hur: A Tale of the Christ   9000000  3900000     8.0     6107   \n",
       "3                The Jazz Singer   3000000   422000     6.8     6866   \n",
       "4                   Frankenstein  12000000   291000     8.0    48844   \n",
       "\n",
       "                                      genre       mpaa        date  runtime  \\\n",
       "0               ['Drama', 'History', 'War']  Not Rated  1915-03-03      190   \n",
       "1             ['Comedy', 'Drama', 'Family']  Not Rated  1921-02-06       68   \n",
       "2         ['Adventure', 'Drama', 'Romance']  Not Rated  1927-10-08      143   \n",
       "3  ['Drama', 'Music', 'Musical', 'Romance']    Unrated  1927-10-06       88   \n",
       "4             ['Drama', 'Horror', 'Sci-Fi']  Not Rated  1931-11-21       70   \n",
       "\n",
       "   aspect  \n",
       "0    1.33  \n",
       "1    1.33  \n",
       "2    1.33  \n",
       "3    1.33  \n",
       "4    1.37  "
      ]
     },
     "execution_count": 121,
     "metadata": {},
     "output_type": "execute_result"
    }
   ],
   "source": [
    "df.head()"
   ]
  },
  {
   "cell_type": "code",
   "execution_count": null,
   "metadata": {
    "collapsed": true
   },
   "outputs": [],
   "source": []
  },
  {
   "cell_type": "code",
   "execution_count": 125,
   "metadata": {
    "collapsed": false
   },
   "outputs": [],
   "source": [
    "# set dummy variables\n",
    "count = 0\n",
    "for genre_item in df['genre']:\n",
    "    str1 = genre_item[1:-1]\n",
    "    l2 = str1.split(',')\n",
    "    genre_sublist = [re.search('.*\\'(.*)\\'.*', str2).group(1) for str2 in l2]\n",
    "    for gen1 in genre_sublist:\n",
    "        df.loc[count, gen1] = 1 \n",
    "    count += 1\n",
    "\n",
    "# remove NaNs\n",
    "df = df.replace(np.NAN, 0)"
   ]
  },
  {
   "cell_type": "code",
   "execution_count": 122,
   "metadata": {
    "collapsed": false
   },
   "outputs": [],
   "source": [
    "# old method -- set dummy variables\n",
    "# create genre_sublist to be added into\n",
    "genre_list = []\n",
    "\n",
    "count = 0\n",
    "for genre_item in df['genre']:\n",
    "    str1 = genre_item[1:-1]\n",
    "    l2 = str1.split(',')\n",
    "    genre_sublist = [re.search('.*\\'(.*)\\'.*', str2).group(1) for str2 in l2]\n",
    "    \n",
    "    #df.loc[count, 'genre'] = genre_sublist\n",
    "    count += 1\n",
    "    genre_list.extend(genre_sublist)\n",
    "\n",
    "genre_set = set(genre_list)\n",
    "genre_list = list(genre_set)\n",
    "\n",
    "# create new columns\n",
    "for col in genre_list:\n",
    "    df[col] = 0\n",
    "\n",
    "# set dummy variables\n",
    "count = 0\n",
    "for genre_item in df['genre']:\n",
    "    str1 = genre_item[1:-1]\n",
    "    l2 = str1.split(',')\n",
    "    genre_sublist = [re.search('.*\\'(.*)\\'.*', str2).group(1) for str2 in l2]\n",
    "    for gen1 in genre_sublist:\n",
    "        df.loc[count, gen1] = 1 \n",
    "    count += 1\n",
    "    "
   ]
  },
  {
   "cell_type": "code",
   "execution_count": 128,
   "metadata": {
    "collapsed": false,
    "scrolled": true
   },
   "outputs": [],
   "source": [
    "df.to_csv('imdb212.csv')"
   ]
  },
  {
   "cell_type": "code",
   "execution_count": 127,
   "metadata": {
    "collapsed": false
   },
   "outputs": [
    {
     "data": {
      "text/html": [
       "<div>\n",
       "<table border=\"1\" class=\"dataframe\">\n",
       "  <thead>\n",
       "    <tr style=\"text-align: right;\">\n",
       "      <th></th>\n",
       "      <th>gross</th>\n",
       "      <th>budget</th>\n",
       "      <th>rating</th>\n",
       "      <th>numvote</th>\n",
       "      <th>runtime</th>\n",
       "      <th>aspect</th>\n",
       "      <th>Mystery</th>\n",
       "      <th>Romance</th>\n",
       "      <th>Sport</th>\n",
       "      <th>Sci-Fi</th>\n",
       "      <th>Family</th>\n",
       "      <th>Horror</th>\n",
       "      <th>Thriller</th>\n",
       "      <th>Film-Noir</th>\n",
       "      <th>Musical</th>\n",
       "      <th>Drama</th>\n",
       "      <th>Fantasy</th>\n",
       "      <th>Western</th>\n",
       "      <th>Animation</th>\n",
       "      <th>Music</th>\n",
       "      <th>Adventure</th>\n",
       "      <th>Crime</th>\n",
       "      <th>Action</th>\n",
       "      <th>Comedy</th>\n",
       "      <th>War</th>\n",
       "      <th>Biography</th>\n",
       "      <th>History</th>\n",
       "    </tr>\n",
       "  </thead>\n",
       "  <tbody>\n",
       "    <tr>\n",
       "      <th>gross</th>\n",
       "      <td>1.0000000000</td>\n",
       "      <td>0.6378603282</td>\n",
       "      <td>0.2125559560</td>\n",
       "      <td>0.6299557706</td>\n",
       "      <td>0.2290245319</td>\n",
       "      <td>0.1011399417</td>\n",
       "      <td>-0.0319653646</td>\n",
       "      <td>-0.0575249743</td>\n",
       "      <td>-0.0020701434</td>\n",
       "      <td>0.1492182294</td>\n",
       "      <td>0.2063865810</td>\n",
       "      <td>-0.1073746602</td>\n",
       "      <td>-0.0462394480</td>\n",
       "      <td>-0.0222812555</td>\n",
       "      <td>0.0197373636</td>\n",
       "      <td>-0.2003897701</td>\n",
       "      <td>0.1755479312</td>\n",
       "      <td>-0.0146667614</td>\n",
       "      <td>0.2006386062</td>\n",
       "      <td>-0.0245960295</td>\n",
       "      <td>0.3282690930</td>\n",
       "      <td>-0.0897230742</td>\n",
       "      <td>0.1985896398</td>\n",
       "      <td>0.0108240271</td>\n",
       "      <td>-0.0122876919</td>\n",
       "      <td>-0.0552773738</td>\n",
       "      <td>-0.0290000011</td>\n",
       "    </tr>\n",
       "    <tr>\n",
       "      <th>budget</th>\n",
       "      <td>0.6378603282</td>\n",
       "      <td>1.0000000000</td>\n",
       "      <td>0.0174846981</td>\n",
       "      <td>0.4193695400</td>\n",
       "      <td>0.2681142202</td>\n",
       "      <td>0.2501490231</td>\n",
       "      <td>-0.0181091925</td>\n",
       "      <td>-0.0982366720</td>\n",
       "      <td>-0.0076026596</td>\n",
       "      <td>0.2283782762</td>\n",
       "      <td>0.2195337634</td>\n",
       "      <td>-0.1474480925</td>\n",
       "      <td>0.0248136975</td>\n",
       "      <td>-0.0268444754</td>\n",
       "      <td>-0.0224855916</td>\n",
       "      <td>-0.2088840387</td>\n",
       "      <td>0.2047950943</td>\n",
       "      <td>0.0158566468</td>\n",
       "      <td>0.2307836670</td>\n",
       "      <td>-0.0635327606</td>\n",
       "      <td>0.4313116213</td>\n",
       "      <td>-0.0627427781</td>\n",
       "      <td>0.3416299041</td>\n",
       "      <td>-0.0664084326</td>\n",
       "      <td>0.0245841997</td>\n",
       "      <td>-0.0586643529</td>\n",
       "      <td>0.0283198132</td>\n",
       "    </tr>\n",
       "    <tr>\n",
       "      <th>rating</th>\n",
       "      <td>0.2125559560</td>\n",
       "      <td>0.0174846981</td>\n",
       "      <td>1.0000000000</td>\n",
       "      <td>0.4736277927</td>\n",
       "      <td>0.4015123762</td>\n",
       "      <td>0.0021496521</td>\n",
       "      <td>0.0120622726</td>\n",
       "      <td>-0.0016104154</td>\n",
       "      <td>0.0126594182</td>\n",
       "      <td>-0.0606359949</td>\n",
       "      <td>-0.0694397569</td>\n",
       "      <td>-0.2078208406</td>\n",
       "      <td>-0.0593883483</td>\n",
       "      <td>0.0442378758</td>\n",
       "      <td>0.0272746808</td>\n",
       "      <td>0.3215502809</td>\n",
       "      <td>-0.0670663480</td>\n",
       "      <td>0.0446233533</td>\n",
       "      <td>0.0744405598</td>\n",
       "      <td>-0.0068214115</td>\n",
       "      <td>-0.0145310438</td>\n",
       "      <td>0.0470845632</td>\n",
       "      <td>-0.1011979495</td>\n",
       "      <td>-0.1767941961</td>\n",
       "      <td>0.1070812012</td>\n",
       "      <td>0.1648430149</td>\n",
       "      <td>0.1177603622</td>\n",
       "    </tr>\n",
       "    <tr>\n",
       "      <th>numvote</th>\n",
       "      <td>0.6299557706</td>\n",
       "      <td>0.4193695400</td>\n",
       "      <td>0.4736277927</td>\n",
       "      <td>1.0000000000</td>\n",
       "      <td>0.3298628533</td>\n",
       "      <td>0.1360862436</td>\n",
       "      <td>0.0217770116</td>\n",
       "      <td>-0.1052789773</td>\n",
       "      <td>-0.0397073532</td>\n",
       "      <td>0.1617133550</td>\n",
       "      <td>-0.0139003901</td>\n",
       "      <td>-0.0823878670</td>\n",
       "      <td>0.0231058734</td>\n",
       "      <td>-0.0093096768</td>\n",
       "      <td>-0.0289008939</td>\n",
       "      <td>-0.0496014157</td>\n",
       "      <td>0.0687049192</td>\n",
       "      <td>-0.0088799058</td>\n",
       "      <td>0.0453753252</td>\n",
       "      <td>-0.0641231514</td>\n",
       "      <td>0.1816812195</td>\n",
       "      <td>-0.0046357108</td>\n",
       "      <td>0.1503437697</td>\n",
       "      <td>-0.1354578884</td>\n",
       "      <td>0.0143949796</td>\n",
       "      <td>-0.0059099570</td>\n",
       "      <td>-0.0054061358</td>\n",
       "    </tr>\n",
       "    <tr>\n",
       "      <th>runtime</th>\n",
       "      <td>0.2290245319</td>\n",
       "      <td>0.2681142202</td>\n",
       "      <td>0.4015123762</td>\n",
       "      <td>0.3298628533</td>\n",
       "      <td>1.0000000000</td>\n",
       "      <td>0.2125449259</td>\n",
       "      <td>0.0072986668</td>\n",
       "      <td>0.0397468126</td>\n",
       "      <td>0.0269667674</td>\n",
       "      <td>-0.0192554344</td>\n",
       "      <td>-0.1913110858</td>\n",
       "      <td>-0.2008326635</td>\n",
       "      <td>0.0059559010</td>\n",
       "      <td>-0.0168545160</td>\n",
       "      <td>-0.0084612347</td>\n",
       "      <td>0.3198087528</td>\n",
       "      <td>-0.0916684601</td>\n",
       "      <td>0.0942929072</td>\n",
       "      <td>-0.2078467326</td>\n",
       "      <td>0.0058663948</td>\n",
       "      <td>0.0611767433</td>\n",
       "      <td>0.0147796509</td>\n",
       "      <td>0.0661099055</td>\n",
       "      <td>-0.3123614828</td>\n",
       "      <td>0.2086491664</td>\n",
       "      <td>0.2041623819</td>\n",
       "      <td>0.2942473012</td>\n",
       "    </tr>\n",
       "    <tr>\n",
       "      <th>aspect</th>\n",
       "      <td>0.1011399417</td>\n",
       "      <td>0.2501490231</td>\n",
       "      <td>0.0021496521</td>\n",
       "      <td>0.1360862436</td>\n",
       "      <td>0.2125449259</td>\n",
       "      <td>1.0000000000</td>\n",
       "      <td>0.0681716834</td>\n",
       "      <td>-0.0892726480</td>\n",
       "      <td>-0.0131733684</td>\n",
       "      <td>0.0714696137</td>\n",
       "      <td>-0.1077914232</td>\n",
       "      <td>-0.0108706966</td>\n",
       "      <td>0.1623295117</td>\n",
       "      <td>-0.0527737895</td>\n",
       "      <td>-0.0511558212</td>\n",
       "      <td>0.0059033669</td>\n",
       "      <td>-0.0309553539</td>\n",
       "      <td>0.0555797033</td>\n",
       "      <td>-0.1053483773</td>\n",
       "      <td>-0.0374137755</td>\n",
       "      <td>0.1106037732</td>\n",
       "      <td>0.0623458563</td>\n",
       "      <td>0.2317391066</td>\n",
       "      <td>-0.2142776380</td>\n",
       "      <td>0.0649844216</td>\n",
       "      <td>0.0436841196</td>\n",
       "      <td>0.0668139268</td>\n",
       "    </tr>\n",
       "    <tr>\n",
       "      <th>Mystery</th>\n",
       "      <td>-0.0319653646</td>\n",
       "      <td>-0.0181091925</td>\n",
       "      <td>0.0120622726</td>\n",
       "      <td>0.0217770116</td>\n",
       "      <td>0.0072986668</td>\n",
       "      <td>0.0681716834</td>\n",
       "      <td>1.0000000000</td>\n",
       "      <td>-0.1005362215</td>\n",
       "      <td>-0.0687091639</td>\n",
       "      <td>0.0375821895</td>\n",
       "      <td>-0.0675469415</td>\n",
       "      <td>0.1480862492</td>\n",
       "      <td>0.3159324990</td>\n",
       "      <td>0.0373650210</td>\n",
       "      <td>-0.0505622989</td>\n",
       "      <td>-0.0105646536</td>\n",
       "      <td>-0.0271804822</td>\n",
       "      <td>-0.0306508816</td>\n",
       "      <td>-0.0372335476</td>\n",
       "      <td>-0.0563239343</td>\n",
       "      <td>-0.0753709567</td>\n",
       "      <td>0.1398708125</td>\n",
       "      <td>-0.0527956097</td>\n",
       "      <td>-0.2089850372</td>\n",
       "      <td>-0.0483304782</td>\n",
       "      <td>-0.0812839085</td>\n",
       "      <td>-0.0526899322</td>\n",
       "    </tr>\n",
       "    <tr>\n",
       "      <th>Romance</th>\n",
       "      <td>-0.0575249743</td>\n",
       "      <td>-0.0982366720</td>\n",
       "      <td>-0.0016104154</td>\n",
       "      <td>-0.1052789773</td>\n",
       "      <td>0.0397468126</td>\n",
       "      <td>-0.0892726480</td>\n",
       "      <td>-0.1005362215</td>\n",
       "      <td>1.0000000000</td>\n",
       "      <td>-0.0314299141</td>\n",
       "      <td>-0.1282003352</td>\n",
       "      <td>-0.0475417945</td>\n",
       "      <td>-0.1711020666</td>\n",
       "      <td>-0.2352336802</td>\n",
       "      <td>0.0191805938</td>\n",
       "      <td>0.0956660192</td>\n",
       "      <td>0.1641201875</td>\n",
       "      <td>-0.0268847589</td>\n",
       "      <td>-0.0016555423</td>\n",
       "      <td>-0.0492874847</td>\n",
       "      <td>0.0848658687</td>\n",
       "      <td>-0.1204434438</td>\n",
       "      <td>-0.1550658074</td>\n",
       "      <td>-0.1987532091</td>\n",
       "      <td>0.1730662489</td>\n",
       "      <td>-0.0066613635</td>\n",
       "      <td>-0.0050395302</td>\n",
       "      <td>-0.0074502731</td>\n",
       "    </tr>\n",
       "    <tr>\n",
       "      <th>Sport</th>\n",
       "      <td>-0.0020701434</td>\n",
       "      <td>-0.0076026596</td>\n",
       "      <td>0.0126594182</td>\n",
       "      <td>-0.0397073532</td>\n",
       "      <td>0.0269667674</td>\n",
       "      <td>-0.0131733684</td>\n",
       "      <td>-0.0687091639</td>\n",
       "      <td>-0.0314299141</td>\n",
       "      <td>1.0000000000</td>\n",
       "      <td>-0.0508799450</td>\n",
       "      <td>0.0656717324</td>\n",
       "      <td>-0.0699866818</td>\n",
       "      <td>-0.1188148862</td>\n",
       "      <td>-0.0058895947</td>\n",
       "      <td>-0.0320003848</td>\n",
       "      <td>0.0527365737</td>\n",
       "      <td>-0.0500779988</td>\n",
       "      <td>-0.0158258058</td>\n",
       "      <td>-0.0064298535</td>\n",
       "      <td>-0.0384429008</td>\n",
       "      <td>-0.0560528925</td>\n",
       "      <td>-0.0821377271</td>\n",
       "      <td>-0.0424973582</td>\n",
       "      <td>0.0098728032</td>\n",
       "      <td>-0.0317023010</td>\n",
       "      <td>0.1063480769</td>\n",
       "      <td>0.0043692457</td>\n",
       "    </tr>\n",
       "    <tr>\n",
       "      <th>Sci-Fi</th>\n",
       "      <td>0.1492182294</td>\n",
       "      <td>0.2283782762</td>\n",
       "      <td>-0.0606359949</td>\n",
       "      <td>0.1617133550</td>\n",
       "      <td>-0.0192554344</td>\n",
       "      <td>0.0714696137</td>\n",
       "      <td>0.0375821895</td>\n",
       "      <td>-0.1282003352</td>\n",
       "      <td>-0.0508799450</td>\n",
       "      <td>1.0000000000</td>\n",
       "      <td>0.0344103229</td>\n",
       "      <td>0.0959102860</td>\n",
       "      <td>0.1171842362</td>\n",
       "      <td>-0.0117812421</td>\n",
       "      <td>-0.0466770167</td>\n",
       "      <td>-0.2227392879</td>\n",
       "      <td>-0.0043315620</td>\n",
       "      <td>-0.0349681227</td>\n",
       "      <td>0.0414068900</td>\n",
       "      <td>-0.0586456876</td>\n",
       "      <td>0.2241884605</td>\n",
       "      <td>-0.1435919923</td>\n",
       "      <td>0.2794387965</td>\n",
       "      <td>-0.1264156859</td>\n",
       "      <td>-0.0693321434</td>\n",
       "      <td>-0.0912661891</td>\n",
       "      <td>-0.0736713724</td>\n",
       "    </tr>\n",
       "    <tr>\n",
       "      <th>Family</th>\n",
       "      <td>0.2063865810</td>\n",
       "      <td>0.2195337634</td>\n",
       "      <td>-0.0694397569</td>\n",
       "      <td>-0.0139003901</td>\n",
       "      <td>-0.1913110858</td>\n",
       "      <td>-0.1077914232</td>\n",
       "      <td>-0.0675469415</td>\n",
       "      <td>-0.0475417945</td>\n",
       "      <td>0.0656717324</td>\n",
       "      <td>0.0344103229</td>\n",
       "      <td>1.0000000000</td>\n",
       "      <td>-0.1195798512</td>\n",
       "      <td>-0.2214144153</td>\n",
       "      <td>-0.0108460454</td>\n",
       "      <td>0.1856760506</td>\n",
       "      <td>-0.2014643030</td>\n",
       "      <td>0.3387047473</td>\n",
       "      <td>-0.0241394512</td>\n",
       "      <td>0.5668016033</td>\n",
       "      <td>0.0147373593</td>\n",
       "      <td>0.3661557735</td>\n",
       "      <td>-0.1505753686</td>\n",
       "      <td>-0.0659399812</td>\n",
       "      <td>0.2215494039</td>\n",
       "      <td>-0.0627716052</td>\n",
       "      <td>-0.0737260927</td>\n",
       "      <td>-0.0597327186</td>\n",
       "    </tr>\n",
       "    <tr>\n",
       "      <th>Horror</th>\n",
       "      <td>-0.1073746602</td>\n",
       "      <td>-0.1474480925</td>\n",
       "      <td>-0.2078208406</td>\n",
       "      <td>-0.0823878670</td>\n",
       "      <td>-0.2008326635</td>\n",
       "      <td>-0.0108706966</td>\n",
       "      <td>0.1480862492</td>\n",
       "      <td>-0.1711020666</td>\n",
       "      <td>-0.0699866818</td>\n",
       "      <td>0.0959102860</td>\n",
       "      <td>-0.1195798512</td>\n",
       "      <td>1.0000000000</td>\n",
       "      <td>0.1595794546</td>\n",
       "      <td>-0.0111920006</td>\n",
       "      <td>-0.0472961158</td>\n",
       "      <td>-0.2431564650</td>\n",
       "      <td>0.1200670446</td>\n",
       "      <td>-0.0485403027</td>\n",
       "      <td>-0.0773587025</td>\n",
       "      <td>-0.0654635335</td>\n",
       "      <td>-0.1151010012</td>\n",
       "      <td>-0.1407765540</td>\n",
       "      <td>-0.0723066771</td>\n",
       "      <td>-0.1717636801</td>\n",
       "      <td>-0.0690151724</td>\n",
       "      <td>-0.0831005290</td>\n",
       "      <td>-0.0660382102</td>\n",
       "    </tr>\n",
       "    <tr>\n",
       "      <th>Thriller</th>\n",
       "      <td>-0.0462394480</td>\n",
       "      <td>0.0248136975</td>\n",
       "      <td>-0.0593883483</td>\n",
       "      <td>0.0231058734</td>\n",
       "      <td>0.0059559010</td>\n",
       "      <td>0.1623295117</td>\n",
       "      <td>0.3159324990</td>\n",
       "      <td>-0.2352336802</td>\n",
       "      <td>-0.1188148862</td>\n",
       "      <td>0.1171842362</td>\n",
       "      <td>-0.2214144153</td>\n",
       "      <td>0.1595794546</td>\n",
       "      <td>1.0000000000</td>\n",
       "      <td>0.0444801642</td>\n",
       "      <td>-0.1057426510</td>\n",
       "      <td>-0.0306707860</td>\n",
       "      <td>-0.1235552125</td>\n",
       "      <td>-0.0379634224</td>\n",
       "      <td>-0.1362255928</td>\n",
       "      <td>-0.1251454589</td>\n",
       "      <td>-0.0618098884</td>\n",
       "      <td>0.3732946752</td>\n",
       "      <td>0.3147487713</td>\n",
       "      <td>-0.4059269333</td>\n",
       "      <td>-0.0434246807</td>\n",
       "      <td>-0.1133088842</td>\n",
       "      <td>-0.0644365736</td>\n",
       "    </tr>\n",
       "    <tr>\n",
       "      <th>Film-Noir</th>\n",
       "      <td>-0.0222812555</td>\n",
       "      <td>-0.0268444754</td>\n",
       "      <td>0.0442378758</td>\n",
       "      <td>-0.0093096768</td>\n",
       "      <td>-0.0168545160</td>\n",
       "      <td>-0.0527737895</td>\n",
       "      <td>0.0373650210</td>\n",
       "      <td>0.0191805938</td>\n",
       "      <td>-0.0058895947</td>\n",
       "      <td>-0.0117812421</td>\n",
       "      <td>-0.0108460454</td>\n",
       "      <td>-0.0111920006</td>\n",
       "      <td>0.0444801642</td>\n",
       "      <td>1.0000000000</td>\n",
       "      <td>-0.0051173783</td>\n",
       "      <td>-0.0007149090</td>\n",
       "      <td>-0.0121620615</td>\n",
       "      <td>-0.0040848159</td>\n",
       "      <td>-0.0068011239</td>\n",
       "      <td>-0.0061476406</td>\n",
       "      <td>-0.0151165044</td>\n",
       "      <td>0.0601951648</td>\n",
       "      <td>-0.0176212962</td>\n",
       "      <td>-0.0243103805</td>\n",
       "      <td>-0.0061281195</td>\n",
       "      <td>-0.0077687377</td>\n",
       "      <td>-0.0058895947</td>\n",
       "    </tr>\n",
       "    <tr>\n",
       "      <th>Musical</th>\n",
       "      <td>0.0197373636</td>\n",
       "      <td>-0.0224855916</td>\n",
       "      <td>0.0272746808</td>\n",
       "      <td>-0.0289008939</td>\n",
       "      <td>-0.0084612347</td>\n",
       "      <td>-0.0511558212</td>\n",
       "      <td>-0.0505622989</td>\n",
       "      <td>0.0956660192</td>\n",
       "      <td>-0.0320003848</td>\n",
       "      <td>-0.0466770167</td>\n",
       "      <td>0.1856760506</td>\n",
       "      <td>-0.0472961158</td>\n",
       "      <td>-0.1057426510</td>\n",
       "      <td>-0.0051173783</td>\n",
       "      <td>1.0000000000</td>\n",
       "      <td>-0.0082354777</td>\n",
       "      <td>0.0905565932</td>\n",
       "      <td>-0.0221943422</td>\n",
       "      <td>0.1758374940</td>\n",
       "      <td>0.1171742193</td>\n",
       "      <td>0.0312624193</td>\n",
       "      <td>-0.0635134892</td>\n",
       "      <td>-0.0856696078</td>\n",
       "      <td>0.0496337932</td>\n",
       "      <td>-0.0257454108</td>\n",
       "      <td>0.0065495059</td>\n",
       "      <td>-0.0241666021</td>\n",
       "    </tr>\n",
       "    <tr>\n",
       "      <th>Drama</th>\n",
       "      <td>-0.2003897701</td>\n",
       "      <td>-0.2088840387</td>\n",
       "      <td>0.3215502809</td>\n",
       "      <td>-0.0496014157</td>\n",
       "      <td>0.3198087528</td>\n",
       "      <td>0.0059033669</td>\n",
       "      <td>-0.0105646536</td>\n",
       "      <td>0.1641201875</td>\n",
       "      <td>0.0527365737</td>\n",
       "      <td>-0.2227392879</td>\n",
       "      <td>-0.2014643030</td>\n",
       "      <td>-0.2431564650</td>\n",
       "      <td>-0.0306707860</td>\n",
       "      <td>-0.0007149090</td>\n",
       "      <td>-0.0082354777</td>\n",
       "      <td>1.0000000000</td>\n",
       "      <td>-0.2064022963</td>\n",
       "      <td>0.0184893176</td>\n",
       "      <td>-0.1577703591</td>\n",
       "      <td>0.0710840608</td>\n",
       "      <td>-0.2548549198</td>\n",
       "      <td>0.0712771676</td>\n",
       "      <td>-0.2651247593</td>\n",
       "      <td>-0.2567883655</td>\n",
       "      <td>0.1558723786</td>\n",
       "      <td>0.2374212711</td>\n",
       "      <td>0.1747783823</td>\n",
       "    </tr>\n",
       "    <tr>\n",
       "      <th>Fantasy</th>\n",
       "      <td>0.1755479312</td>\n",
       "      <td>0.2047950943</td>\n",
       "      <td>-0.0670663480</td>\n",
       "      <td>0.0687049192</td>\n",
       "      <td>-0.0916684601</td>\n",
       "      <td>-0.0309553539</td>\n",
       "      <td>-0.0271804822</td>\n",
       "      <td>-0.0268847589</td>\n",
       "      <td>-0.0500779988</td>\n",
       "      <td>-0.0043315620</td>\n",
       "      <td>0.3387047473</td>\n",
       "      <td>0.1200670446</td>\n",
       "      <td>-0.1235552125</td>\n",
       "      <td>-0.0121620615</td>\n",
       "      <td>0.0905565932</td>\n",
       "      <td>-0.2064022963</td>\n",
       "      <td>1.0000000000</td>\n",
       "      <td>-0.0317414045</td>\n",
       "      <td>0.2600779931</td>\n",
       "      <td>-0.0330239129</td>\n",
       "      <td>0.2448999310</td>\n",
       "      <td>-0.1697949293</td>\n",
       "      <td>0.0158061540</td>\n",
       "      <td>0.0473197908</td>\n",
       "      <td>-0.0612492518</td>\n",
       "      <td>-0.0858829626</td>\n",
       "      <td>-0.0686313867</td>\n",
       "    </tr>\n",
       "    <tr>\n",
       "      <th>Western</th>\n",
       "      <td>-0.0146667614</td>\n",
       "      <td>0.0158566468</td>\n",
       "      <td>0.0446233533</td>\n",
       "      <td>-0.0088799058</td>\n",
       "      <td>0.0942929072</td>\n",
       "      <td>0.0555797033</td>\n",
       "      <td>-0.0306508816</td>\n",
       "      <td>-0.0016555423</td>\n",
       "      <td>-0.0158258058</td>\n",
       "      <td>-0.0349681227</td>\n",
       "      <td>-0.0241394512</td>\n",
       "      <td>-0.0485403027</td>\n",
       "      <td>-0.0379634224</td>\n",
       "      <td>-0.0040848159</td>\n",
       "      <td>-0.0221943422</td>\n",
       "      <td>0.0184893176</td>\n",
       "      <td>-0.0317414045</td>\n",
       "      <td>1.0000000000</td>\n",
       "      <td>-0.0039520072</td>\n",
       "      <td>-0.0079838539</td>\n",
       "      <td>0.0433416198</td>\n",
       "      <td>-0.0011847030</td>\n",
       "      <td>0.0402052683</td>\n",
       "      <td>-0.0536991612</td>\n",
       "      <td>0.0296231447</td>\n",
       "      <td>0.0192317910</td>\n",
       "      <td>0.0327625955</td>\n",
       "    </tr>\n",
       "    <tr>\n",
       "      <th>Animation</th>\n",
       "      <td>0.2006386062</td>\n",
       "      <td>0.2307836670</td>\n",
       "      <td>0.0744405598</td>\n",
       "      <td>0.0453753252</td>\n",
       "      <td>-0.2078467326</td>\n",
       "      <td>-0.1053483773</td>\n",
       "      <td>-0.0372335476</td>\n",
       "      <td>-0.0492874847</td>\n",
       "      <td>-0.0064298535</td>\n",
       "      <td>0.0414068900</td>\n",
       "      <td>0.5668016033</td>\n",
       "      <td>-0.0773587025</td>\n",
       "      <td>-0.1362255928</td>\n",
       "      <td>-0.0068011239</td>\n",
       "      <td>0.1758374940</td>\n",
       "      <td>-0.1577703591</td>\n",
       "      <td>0.2600779931</td>\n",
       "      <td>-0.0039520072</td>\n",
       "      <td>1.0000000000</td>\n",
       "      <td>0.0134309776</td>\n",
       "      <td>0.3206811919</td>\n",
       "      <td>-0.0964722091</td>\n",
       "      <td>-0.0395616722</td>\n",
       "      <td>0.1401948504</td>\n",
       "      <td>-0.0210542538</td>\n",
       "      <td>-0.0420553643</td>\n",
       "      <td>-0.0304961597</td>\n",
       "    </tr>\n",
       "    <tr>\n",
       "      <th>Music</th>\n",
       "      <td>-0.0245960295</td>\n",
       "      <td>-0.0635327606</td>\n",
       "      <td>-0.0068214115</td>\n",
       "      <td>-0.0641231514</td>\n",
       "      <td>0.0058663948</td>\n",
       "      <td>-0.0374137755</td>\n",
       "      <td>-0.0563239343</td>\n",
       "      <td>0.0848658687</td>\n",
       "      <td>-0.0384429008</td>\n",
       "      <td>-0.0586456876</td>\n",
       "      <td>0.0147373593</td>\n",
       "      <td>-0.0654635335</td>\n",
       "      <td>-0.1251454589</td>\n",
       "      <td>-0.0061476406</td>\n",
       "      <td>0.1171742193</td>\n",
       "      <td>0.0710840608</td>\n",
       "      <td>-0.0330239129</td>\n",
       "      <td>-0.0079838539</td>\n",
       "      <td>0.0134309776</td>\n",
       "      <td>1.0000000000</td>\n",
       "      <td>-0.0524479746</td>\n",
       "      <td>-0.0477950601</td>\n",
       "      <td>-0.0895611195</td>\n",
       "      <td>0.0445910735</td>\n",
       "      <td>-0.0145562690</td>\n",
       "      <td>0.0725167056</td>\n",
       "      <td>-0.0120463944</td>\n",
       "    </tr>\n",
       "    <tr>\n",
       "      <th>Adventure</th>\n",
       "      <td>0.3282690930</td>\n",
       "      <td>0.4313116213</td>\n",
       "      <td>-0.0145310438</td>\n",
       "      <td>0.1816812195</td>\n",
       "      <td>0.0611767433</td>\n",
       "      <td>0.1106037732</td>\n",
       "      <td>-0.0753709567</td>\n",
       "      <td>-0.1204434438</td>\n",
       "      <td>-0.0560528925</td>\n",
       "      <td>0.2241884605</td>\n",
       "      <td>0.3661557735</td>\n",
       "      <td>-0.1151010012</td>\n",
       "      <td>-0.0618098884</td>\n",
       "      <td>-0.0151165044</td>\n",
       "      <td>0.0312624193</td>\n",
       "      <td>-0.2548549198</td>\n",
       "      <td>0.2448999310</td>\n",
       "      <td>0.0433416198</td>\n",
       "      <td>0.3206811919</td>\n",
       "      <td>-0.0524479746</td>\n",
       "      <td>1.0000000000</td>\n",
       "      <td>-0.1821960424</td>\n",
       "      <td>0.2888909980</td>\n",
       "      <td>-0.0280575232</td>\n",
       "      <td>0.0159918470</td>\n",
       "      <td>-0.0548396460</td>\n",
       "      <td>0.0337216398</td>\n",
       "    </tr>\n",
       "    <tr>\n",
       "      <th>Crime</th>\n",
       "      <td>-0.0897230742</td>\n",
       "      <td>-0.0627427781</td>\n",
       "      <td>0.0470845632</td>\n",
       "      <td>-0.0046357108</td>\n",
       "      <td>0.0147796509</td>\n",
       "      <td>0.0623458563</td>\n",
       "      <td>0.1398708125</td>\n",
       "      <td>-0.1550658074</td>\n",
       "      <td>-0.0821377271</td>\n",
       "      <td>-0.1435919923</td>\n",
       "      <td>-0.1505753686</td>\n",
       "      <td>-0.1407765540</td>\n",
       "      <td>0.3732946752</td>\n",
       "      <td>0.0601951648</td>\n",
       "      <td>-0.0635134892</td>\n",
       "      <td>0.0712771676</td>\n",
       "      <td>-0.1697949293</td>\n",
       "      <td>-0.0011847030</td>\n",
       "      <td>-0.0964722091</td>\n",
       "      <td>-0.0477950601</td>\n",
       "      <td>-0.1821960424</td>\n",
       "      <td>1.0000000000</td>\n",
       "      <td>0.1609516685</td>\n",
       "      <td>-0.1076529904</td>\n",
       "      <td>-0.0836397933</td>\n",
       "      <td>-0.0190945618</td>\n",
       "      <td>-0.0632930102</td>\n",
       "    </tr>\n",
       "    <tr>\n",
       "      <th>Action</th>\n",
       "      <td>0.1985896398</td>\n",
       "      <td>0.3416299041</td>\n",
       "      <td>-0.1011979495</td>\n",
       "      <td>0.1503437697</td>\n",
       "      <td>0.0661099055</td>\n",
       "      <td>0.2317391066</td>\n",
       "      <td>-0.0527956097</td>\n",
       "      <td>-0.1987532091</td>\n",
       "      <td>-0.0424973582</td>\n",
       "      <td>0.2794387965</td>\n",
       "      <td>-0.0659399812</td>\n",
       "      <td>-0.0723066771</td>\n",
       "      <td>0.3147487713</td>\n",
       "      <td>-0.0176212962</td>\n",
       "      <td>-0.0856696078</td>\n",
       "      <td>-0.2651247593</td>\n",
       "      <td>0.0158061540</td>\n",
       "      <td>0.0402052683</td>\n",
       "      <td>-0.0395616722</td>\n",
       "      <td>-0.0895611195</td>\n",
       "      <td>0.2888909980</td>\n",
       "      <td>0.1609516685</td>\n",
       "      <td>1.0000000000</td>\n",
       "      <td>-0.1918113882</td>\n",
       "      <td>0.0186826984</td>\n",
       "      <td>-0.1109996450</td>\n",
       "      <td>-0.0307245771</td>\n",
       "    </tr>\n",
       "    <tr>\n",
       "      <th>Comedy</th>\n",
       "      <td>0.0108240271</td>\n",
       "      <td>-0.0664084326</td>\n",
       "      <td>-0.1767941961</td>\n",
       "      <td>-0.1354578884</td>\n",
       "      <td>-0.3123614828</td>\n",
       "      <td>-0.2142776380</td>\n",
       "      <td>-0.2089850372</td>\n",
       "      <td>0.1730662489</td>\n",
       "      <td>0.0098728032</td>\n",
       "      <td>-0.1264156859</td>\n",
       "      <td>0.2215494039</td>\n",
       "      <td>-0.1717636801</td>\n",
       "      <td>-0.4059269333</td>\n",
       "      <td>-0.0243103805</td>\n",
       "      <td>0.0496337932</td>\n",
       "      <td>-0.2567883655</td>\n",
       "      <td>0.0473197908</td>\n",
       "      <td>-0.0536991612</td>\n",
       "      <td>0.1401948504</td>\n",
       "      <td>0.0445910735</td>\n",
       "      <td>-0.0280575232</td>\n",
       "      <td>-0.1076529904</td>\n",
       "      <td>-0.1918113882</td>\n",
       "      <td>1.0000000000</td>\n",
       "      <td>-0.1229396539</td>\n",
       "      <td>-0.1598912767</td>\n",
       "      <td>-0.1441860468</td>\n",
       "    </tr>\n",
       "    <tr>\n",
       "      <th>War</th>\n",
       "      <td>-0.0122876919</td>\n",
       "      <td>0.0245841997</td>\n",
       "      <td>0.1070812012</td>\n",
       "      <td>0.0143949796</td>\n",
       "      <td>0.2086491664</td>\n",
       "      <td>0.0649844216</td>\n",
       "      <td>-0.0483304782</td>\n",
       "      <td>-0.0066613635</td>\n",
       "      <td>-0.0317023010</td>\n",
       "      <td>-0.0693321434</td>\n",
       "      <td>-0.0627716052</td>\n",
       "      <td>-0.0690151724</td>\n",
       "      <td>-0.0434246807</td>\n",
       "      <td>-0.0061281195</td>\n",
       "      <td>-0.0257454108</td>\n",
       "      <td>0.1558723786</td>\n",
       "      <td>-0.0612492518</td>\n",
       "      <td>0.0296231447</td>\n",
       "      <td>-0.0210542538</td>\n",
       "      <td>-0.0145562690</td>\n",
       "      <td>0.0159918470</td>\n",
       "      <td>-0.0836397933</td>\n",
       "      <td>0.0186826984</td>\n",
       "      <td>-0.1229396539</td>\n",
       "      <td>1.0000000000</td>\n",
       "      <td>0.1039369075</td>\n",
       "      <td>0.3190797207</td>\n",
       "    </tr>\n",
       "    <tr>\n",
       "      <th>Biography</th>\n",
       "      <td>-0.0552773738</td>\n",
       "      <td>-0.0586643529</td>\n",
       "      <td>0.1648430149</td>\n",
       "      <td>-0.0059099570</td>\n",
       "      <td>0.2041623819</td>\n",
       "      <td>0.0436841196</td>\n",
       "      <td>-0.0812839085</td>\n",
       "      <td>-0.0050395302</td>\n",
       "      <td>0.1063480769</td>\n",
       "      <td>-0.0912661891</td>\n",
       "      <td>-0.0737260927</td>\n",
       "      <td>-0.0831005290</td>\n",
       "      <td>-0.1133088842</td>\n",
       "      <td>-0.0077687377</td>\n",
       "      <td>0.0065495059</td>\n",
       "      <td>0.2374212711</td>\n",
       "      <td>-0.0858829626</td>\n",
       "      <td>0.0192317910</td>\n",
       "      <td>-0.0420553643</td>\n",
       "      <td>0.0725167056</td>\n",
       "      <td>-0.0548396460</td>\n",
       "      <td>-0.0190945618</td>\n",
       "      <td>-0.1109996450</td>\n",
       "      <td>-0.1598912767</td>\n",
       "      <td>0.1039369075</td>\n",
       "      <td>1.0000000000</td>\n",
       "      <td>0.3307267725</td>\n",
       "    </tr>\n",
       "    <tr>\n",
