{
 "cells": [
  {
   "cell_type": "code",
   "execution_count": 1,
   "metadata": {
    "collapsed": false
   },
   "outputs": [
    {
     "name": "stderr",
     "output_type": "stream",
     "text": [
      "//anaconda/lib/python2.7/site-packages/sklearn/cross_validation.py:44: DeprecationWarning: This module was deprecated in version 0.18 in favor of the model_selection module into which all the refactored classes and functions are moved. Also note that the interface of the new CV iterators are different from that of this module. This module will be removed in 0.20.\n",
      "  \"This module will be removed in 0.20.\", DeprecationWarning)\n",
      "//anaconda/lib/python2.7/site-packages/sklearn/grid_search.py:43: DeprecationWarning: This module was deprecated in version 0.18 in favor of the model_selection module into which all the refactored classes and functions are moved. This module will be removed in 0.20.\n",
      "  DeprecationWarning)\n"
     ]
    }
   ],
   "source": [
    "import pandas as pd\n",
    "import numpy as np\n",
    "import dateutil\n",
    "import datetime\n",
    "import statsmodels.api as sm\n",
    "import statsmodels.formula.api as smf\n",
    "import patsy\n",
    "import seaborn as sns\n",
    "import re\n",
    "import pickle\n",
    "\n",
    "from seaborn import plt\n",
    "from sklearn import preprocessing\n",
    "from sklearn.cross_validation import train_test_split\n",
    "from sklearn.decomposition import PCA\n",
    "from sklearn.feature_selection import f_regression, mutual_info_regression\n",
    "from sklearn.feature_selection import mutual_info_regression\n",
    "\n",
    "from sklearn.linear_model import LinearRegression\n",
    "from sklearn.linear_model import Lasso\n",
    "from sklearn.linear_model import Ridge\n",
    "from sklearn.linear_model import LassoCV\n",
    "\n",
    "from sklearn.linear_model import SGDRegressor\n",
    "\n",
    "from sklearn.grid_search import GridSearchCV\n",
    "\n",
    "\n",
    "from sklearn.preprocessing import PolynomialFeatures\n",
    "from sklearn.pipeline import make_pipeline\n",
    "from sklearn.model_selection import KFold\n",
    "\n",
    "from sklearn.cross_validation import train_test_split\n",
    "from sklearn.linear_model import RidgeCV\n",
    "\n",
    "from sklearn.ensemble import RandomForestRegressor, GradientBoostingRegressor\n",
    "\n",
    "# various options in pandas\n",
    "pd.set_option('display.max_columns', None)\n",
    "pd.set_option('display.max_rows', 90)\n",
    "pd.set_option('display.max_columns', 90)\n",
    "pd.set_option('display.precision', 10)\n",
    "\n",
    "%matplotlib inline"
   ]
  },
  {
   "cell_type": "code",
   "execution_count": 48,
   "metadata": {
    "collapsed": false
   },
   "outputs": [
    {
     "data": {
      "text/plain": [
       "(3902, 35)"
      ]
     },
     "execution_count": 48,
     "metadata": {},
     "output_type": "execute_result"
    }
   ],
   "source": [
    "df.shape"
   ]
  },
  {
   "cell_type": "code",
   "execution_count": 49,
   "metadata": {
    "collapsed": false
   },
   "outputs": [
    {
     "data": {
      "text/html": [
       "<div>\n",
       "<table border=\"1\" class=\"dataframe\">\n",
       "  <thead>\n",
       "    <tr style=\"text-align: right;\">\n",
       "      <th></th>\n",
       "      <th>gross</th>\n",
       "      <th>budget</th>\n",
       "      <th>rating</th>\n",
       "      <th>numvote</th>\n",
       "      <th>runtime</th>\n",
       "      <th>aspect</th>\n",
       "      <th>Mystery</th>\n",
       "      <th>Romance</th>\n",
       "      <th>Sport</th>\n",
       "      <th>Sci-Fi</th>\n",
       "      <th>Family</th>\n",
       "      <th>Horror</th>\n",
       "      <th>Thriller</th>\n",
       "      <th>Film-Noir</th>\n",
       "      <th>Musical</th>\n",
       "      <th>Drama</th>\n",
       "      <th>Fantasy</th>\n",
       "      <th>Western</th>\n",
       "      <th>Animation</th>\n",
       "      <th>Music</th>\n",
       "      <th>Adventure</th>\n",
       "      <th>Crime</th>\n",
       "      <th>Action</th>\n",
       "      <th>Comedy</th>\n",
       "      <th>War</th>\n",
       "      <th>Biography</th>\n",
       "      <th>History</th>\n",
       "      <th>roi</th>\n",
       "      <th>R</th>\n",
       "      <th>PG</th>\n",
       "      <th>G</th>\n",
       "    </tr>\n",
       "  </thead>\n",
       "  <tbody>\n",
       "    <tr>\n",
       "      <th>gross</th>\n",
       "      <td>1.0000000000</td>\n",
       "      <td>0.6649793137</td>\n",
       "      <td>0.2176408314</td>\n",
       "      <td>0.6374302182</td>\n",
       "      <td>0.2528244048</td>\n",
       "      <td>0.1006102265</td>\n",
       "      <td>-0.0302496510</td>\n",
       "      <td>-0.0592715068</td>\n",
       "      <td>-0.0061288089</td>\n",
       "      <td>0.1477676140</td>\n",
       "      <td>0.2092516041</td>\n",
       "      <td>-0.1093038625</td>\n",
       "      <td>-0.0437381125</td>\n",
       "      <td>NaN</td>\n",
       "      <td>0.0334041935</td>\n",
       "      <td>-0.2035453702</td>\n",
       "      <td>0.1742278133</td>\n",
       "      <td>-0.0038833069</td>\n",
       "      <td>0.2043638419</td>\n",
       "      <td>-0.0282890411</td>\n",
       "      <td>0.3469673476</td>\n",
       "      <td>-0.0926299065</td>\n",
       "      <td>0.1989003109</td>\n",
       "      <td>0.0078094050</td>\n",
       "      <td>-0.0046963536</td>\n",
       "      <td>-0.0557928058</td>\n",
       "      <td>-0.0249679807</td>\n",
       "      <td>0.0237992493</td>\n",
       "      <td>-0.2851865700</td>\n",
       "      <td>0.2550159047</td>\n",
       "      <td>0.1062104670</td>\n",
       "    </tr>\n",
       "    <tr>\n",
       "      <th>budget</th>\n",
       "      <td>0.6649793137</td>\n",
       "      <td>1.0000000000</td>\n",
       "      <td>0.0557852143</td>\n",
       "      <td>0.4396166581</td>\n",
       "      <td>0.3172368168</td>\n",
       "      <td>0.2457061201</td>\n",
       "      <td>-0.0272812628</td>\n",
       "      <td>-0.1000115205</td>\n",
       "      <td>-0.0117404753</td>\n",
       "      <td>0.2376459768</td>\n",
       "      <td>0.2256890231</td>\n",
       "      <td>-0.1521140404</td>\n",
       "      <td>0.0161745882</td>\n",
       "      <td>NaN</td>\n",
       "      <td>0.0082260521</td>\n",
       "      <td>-0.2212159658</td>\n",
       "      <td>0.2100131803</td>\n",
       "      <td>0.0348889168</td>\n",
       "      <td>0.2371940192</td>\n",
       "      <td>-0.0631174723</td>\n",
       "      <td>0.4649379745</td>\n",
       "      <td>-0.0749877964</td>\n",
       "      <td>0.3495645568</td>\n",
       "      <td>-0.0828610416</td>\n",
       "      <td>0.0438114564</td>\n",
       "      <td>-0.0627624266</td>\n",
       "      <td>0.0385017784</td>\n",
       "      <td>-0.0254863764</td>\n",
       "      <td>-0.3179105300</td>\n",
       "      <td>0.2953370198</td>\n",
       "      <td>0.0796338044</td>\n",
       "    </tr>\n",
       "    <tr>\n",
       "      <th>rating</th>\n",
       "      <td>0.2176408314</td>\n",
       "      <td>0.0557852143</td>\n",
       "      <td>1.0000000000</td>\n",
       "      <td>0.4826799998</td>\n",
       "      <td>0.4128140099</td>\n",
       "      <td>0.0399777100</td>\n",
       "      <td>0.0184563322</td>\n",
       "      <td>-0.0053576852</td>\n",
       "      <td>0.0121631406</td>\n",
       "      <td>-0.0625707514</td>\n",
       "      <td>-0.0780813511</td>\n",
       "      <td>-0.2170142414</td>\n",
       "      <td>-0.0520764048</td>\n",
       "      <td>NaN</td>\n",
       "      <td>0.0082084803</td>\n",
       "      <td>0.3396078128</td>\n",
       "      <td>-0.0678357365</td>\n",
       "      <td>0.0299270088</td>\n",
       "      <td>0.0810181251</td>\n",
       "      <td>-0.0091522934</td>\n",
       "      <td>-0.0177603582</td>\n",
       "      <td>0.0492459099</td>\n",
       "      <td>-0.0946854480</td>\n",
       "      <td>-0.1745911050</td>\n",
       "      <td>0.1043518640</td>\n",
       "      <td>0.1745699935</td>\n",
       "      <td>0.1253871354</td>\n",
       "      <td>0.0007497458</td>\n",
       "      <td>0.1396622896</td>\n",
       "      <td>-0.1439278240</td>\n",
       "      <td>0.0147271979</td>\n",
       "    </tr>\n",
       "    <tr>\n",
       "      <th>numvote</th>\n",
       "      <td>0.6374302182</td>\n",
       "      <td>0.4396166581</td>\n",
       "      <td>0.4826799998</td>\n",
       "      <td>1.0000000000</td>\n",
       "      <td>0.3585909667</td>\n",
       "      <td>0.1472855451</td>\n",
       "      <td>0.0195109846</td>\n",
       "      <td>-0.1018406905</td>\n",
       "      <td>-0.0462819498</td>\n",
       "      <td>0.1581995192</td>\n",
       "      <td>-0.0163180112</td>\n",
       "      <td>-0.0875974161</td>\n",
       "      <td>0.0285480685</td>\n",
       "      <td>NaN</td>\n",
       "      <td>-0.0138026387</td>\n",
       "      <td>-0.0433325135</td>\n",
       "      <td>0.0639547790</td>\n",
       "      <td>-0.0039728095</td>\n",
       "      <td>0.0465777885</td>\n",
       "      <td>-0.0643665200</td>\n",
       "      <td>0.1919103227</td>\n",
       "      <td>-0.0096175500</td>\n",
       "      <td>0.1538750754</td>\n",
       "      <td>-0.1395985058</td>\n",
       "      <td>0.0268532424</td>\n",
       "      <td>-0.0016161723</td>\n",
       "      <td>0.0051418208</td>\n",
       "      <td>0.0148828868</td>\n",
       "      <td>-0.0402969600</td>\n",
       "      <td>0.0348948933</td>\n",
       "      <td>0.0189997377</td>\n",
       "    </tr>\n",
       "    <tr>\n",
       "      <th>runtime</th>\n",
       "      <td>0.2528244048</td>\n",
       "      <td>0.3172368168</td>\n",
       "      <td>0.4128140099</td>\n",
       "      <td>0.3585909667</td>\n",
       "      <td>1.0000000000</td>\n",
       "      <td>0.2283694267</td>\n",
       "      <td>0.0227948506</td>\n",
       "      <td>0.0291663742</td>\n",
       "      <td>0.0348895604</td>\n",
       "      <td>-0.0104720979</td>\n",
       "      <td>-0.2145013429</td>\n",
       "      <td>-0.1963070364</td>\n",
       "      <td>0.0275854043</td>\n",
       "      <td>NaN</td>\n",
       "      <td>-0.0466620135</td>\n",
       "      <td>0.3263147260</td>\n",
       "      <td>-0.0924768352</td>\n",
       "      <td>0.0887114100</td>\n",
       "      <td>-0.2129369549</td>\n",
       "      <td>0.0134078335</td>\n",
       "      <td>0.0363079664</td>\n",
       "      <td>0.0236952696</td>\n",
       "      <td>0.0737841686</td>\n",
       "      <td>-0.3226186801</td>\n",
       "      <td>0.1827891107</td>\n",
       "      <td>0.2005520554</td>\n",
       "      <td>0.2634213770</td>\n",
       "      <td>-0.0302232797</td>\n",
       "      <td>0.0621752552</td>\n",
       "      <td>-0.0222851665</td>\n",
       "      <td>-0.1399206055</td>\n",
       "    </tr>\n",
       "    <tr>\n",
       "      <th>aspect</th>\n",
       "      <td>0.1006102265</td>\n",
       "      <td>0.2457061201</td>\n",
       "      <td>0.0399777100</td>\n",
       "      <td>0.1472855451</td>\n",
       "      <td>0.2283694267</td>\n",
       "      <td>1.0000000000</td>\n",
       "      <td>0.0722244913</td>\n",
       "      <td>-0.0871452132</td>\n",
       "      <td>-0.0069934130</td>\n",
       "      <td>0.0611388416</td>\n",
       "      <td>-0.1086803405</td>\n",
       "      <td>-0.0128982572</td>\n",
       "      <td>0.1734682119</td>\n",
       "      <td>NaN</td>\n",
       "      <td>-0.0371233085</td>\n",
       "      <td>0.0164756866</td>\n",
       "      <td>-0.0382638773</td>\n",
       "      <td>0.0566757569</td>\n",
       "      <td>-0.1067772040</td>\n",
       "      <td>-0.0232096563</td>\n",
       "      <td>0.0949632038</td>\n",
       "      <td>0.0692877187</td>\n",
       "      <td>0.2313044769</td>\n",
       "      <td>-0.2418511446</td>\n",
       "      <td>0.0794671858</td>\n",
       "      <td>0.0381923973</td>\n",
       "      <td>0.0692224816</td>\n",
       "      <td>-0.0352565483</td>\n",
       "      <td>-0.0020866544</td>\n",
       "      <td>0.0331506521</td>\n",
       "      <td>-0.1088806804</td>\n",
       "    </tr>\n",
       "    <tr>\n",
       "      <th>Mystery</th>\n",
       "      <td>-0.0302496510</td>\n",
       "      <td>-0.0272812628</td>\n",
       "      <td>0.0184563322</td>\n",
       "      <td>0.0195109846</td>\n",
       "      <td>0.0227948506</td>\n",
       "      <td>0.0722244913</td>\n",
       "      <td>1.0000000000</td>\n",
       "      <td>-0.1033150850</td>\n",
       "      <td>-0.0711309119</td>\n",
       "      <td>0.0345296892</td>\n",
       "      <td>-0.0688762662</td>\n",
       "      <td>0.1499043738</td>\n",
       "      <td>0.3154495873</td>\n",
       "      <td>NaN</td>\n",
       "      <td>-0.0405150262</td>\n",
       "      <td>-0.0056865891</td>\n",
       "      <td>-0.0250803120</td>\n",
       "      <td>-0.0252765782</td>\n",
       "      <td>-0.0385411365</td>\n",
       "      <td>-0.0548032170</td>\n",
       "      <td>-0.0745800847</td>\n",
       "      <td>0.1323917492</td>\n",
       "      <td>-0.0514593519</td>\n",
       "      <td>-0.2197028986</td>\n",
       "      <td>-0.0468787218</td>\n",
       "      <td>-0.0824166946</td>\n",
       "      <td>-0.0495782277</td>\n",
       "      <td>-0.0077690551</td>\n",
       "      <td>0.0917001972</td>\n",
       "      <td>-0.0828932901</td>\n",
       "      <td>-0.0310167188</td>\n",
       "    </tr>\n",
       "    <tr>\n",
       "      <th>Romance</th>\n",
       "      <td>-0.0592715068</td>\n",
       "      <td>-0.1000115205</td>\n",
       "      <td>-0.0053576852</td>\n",
       "      <td>-0.1018406905</td>\n",
       "      <td>0.0291663742</td>\n",
       "      <td>-0.0871452132</td>\n",
       "      <td>-0.1033150850</td>\n",
       "      <td>1.0000000000</td>\n",
       "      <td>-0.0289698698</td>\n",
       "      <td>-0.1280400277</td>\n",
       "      <td>-0.0596186558</td>\n",
       "      <td>-0.1650324175</td>\n",
       "      <td>-0.2424040752</td>\n",
       "      <td>NaN</td>\n",
       "      <td>0.0530054443</td>\n",
       "      <td>0.1634093891</td>\n",
       "      <td>-0.0254341487</td>\n",
       "      <td>-0.0072862358</td>\n",
       "      <td>-0.0566140742</td>\n",
       "      <td>0.0856781457</td>\n",
       "      <td>-0.1260642211</td>\n",
       "      <td>-0.1604489935</td>\n",
       "      <td>-0.1999999663</td>\n",
       "      <td>0.1876803232</td>\n",
       "      <td>-0.0162201129</td>\n",
       "      <td>-0.0058108207</td>\n",
       "      <td>-0.0125697557</td>\n",
       "      <td>-0.0100886902</td>\n",
       "      <td>-0.0984844868</td>\n",
       "      <td>0.1019152446</td>\n",
       "      <td>-0.0118672666</td>\n",
       "    </tr>\n",
       "    <tr>\n",
       "      <th>Sport</th>\n",
       "      <td>-0.0061288089</td>\n",
       "      <td>-0.0117404753</td>\n",
       "      <td>0.0121631406</td>\n",
       "      <td>-0.0462819498</td>\n",
       "      <td>0.0348895604</td>\n",
       "      <td>-0.0069934130</td>\n",
       "      <td>-0.0711309119</td>\n",
       "      <td>-0.0289698698</td>\n",
       "      <td>1.0000000000</td>\n",
       "      <td>-0.0502539518</td>\n",
       "      <td>0.0680509710</td>\n",
       "      <td>-0.0704291997</td>\n",
       "      <td>-0.1218613606</td>\n",
       "      <td>NaN</td>\n",
       "      <td>-0.0275727379</td>\n",
       "      <td>0.0504712840</td>\n",
       "      <td>-0.0502463361</td>\n",
       "      <td>-0.0125616048</td>\n",
       "      <td>-0.0058144142</td>\n",
       "      <td>-0.0380411036</td>\n",
       "      <td>-0.0525199045</td>\n",
       "      <td>-0.0874699154</td>\n",
       "      <td>-0.0465717126</td>\n",
       "      <td>0.0107698929</td>\n",
       "      <td>-0.0289634826</td>\n",
       "      <td>0.1065445307</td>\n",
       "      <td>0.0103099275</td>\n",
       "      <td>-0.0030195364</td>\n",
       "      <td>-0.1021223923</td>\n",
       "      <td>0.0965489992</td>\n",
       "      <td>0.0196994881</td>\n",
       "    </tr>\n",
       "    <tr>\n",
       "      <th>Sci-Fi</th>\n",
       "      <td>0.1477676140</td>\n",
       "      <td>0.2376459768</td>\n",
       "      <td>-0.0625707514</td>\n",
       "      <td>0.1581995192</td>\n",
       "      <td>-0.0104720979</td>\n",
       "      <td>0.0611388416</td>\n",
       "      <td>0.0345296892</td>\n",
       "      <td>-0.1280400277</td>\n",
       "      <td>-0.0502539518</td>\n",
       "      <td>1.0000000000</td>\n",
       "      <td>0.0424320334</td>\n",
       "      <td>0.0969408492</td>\n",
       "      <td>0.1251747837</td>\n",
       "      <td>NaN</td>\n",
       "      <td>-0.0325854349</td>\n",
       "      <td>-0.2188480617</td>\n",
       "      <td>-0.0082754686</td>\n",
       "      <td>-0.0282929298</td>\n",
       "      <td>0.0479976195</td>\n",
       "      <td>-0.0550195507</td>\n",
       "      <td>0.2279624676</td>\n",
       "      <td>-0.1454062128</td>\n",
       "      <td>0.2788487314</td>\n",
       "      <td>-0.1234206032</td>\n",
       "      <td>-0.0638340314</td>\n",
       "      <td>-0.0907209568</td>\n",
       "      <td>-0.0708455289</td>\n",
       "      <td>-0.0095347238</td>\n",
       "      <td>-0.1117417979</td>\n",
       "      <td>0.1155294080</td>\n",
       "      <td>-0.0130968111</td>\n",
       "    </tr>\n",
       "    <tr>\n",
       "      <th>Family</th>\n",
       "      <td>0.2092516041</td>\n",
       "      <td>0.2256890231</td>\n",
       "      <td>-0.0780813511</td>\n",
       "      <td>-0.0163180112</td>\n",
       "      <td>-0.2145013429</td>\n",
       "      <td>-0.1086803405</td>\n",
       "      <td>-0.0688762662</td>\n",
       "      <td>-0.0596186558</td>\n",
       "      <td>0.0680509710</td>\n",
       "      <td>0.0424320334</td>\n",
       "      <td>1.0000000000</td>\n",
       "      <td>-0.1199592783</td>\n",
       "      <td>-0.2278427137</td>\n",
       "      <td>NaN</td>\n",
       "      <td>0.1693776010</td>\n",
       "      <td>-0.2135534393</td>\n",
       "      <td>0.3413307363</td>\n",
       "      <td>-0.0174200717</td>\n",
       "      <td>0.5669000308</td>\n",
       "      <td>0.0067469778</td>\n",
       "      <td>0.3943738865</td>\n",
       "      <td>-0.1546551437</td>\n",
       "      <td>-0.0633411621</td>\n",
       "      <td>0.2309041175</td>\n",
       "      <td>-0.0585105214</td>\n",
       "      <td>-0.0770369234</td>\n",
       "      <td>-0.0570217980</td>\n",
       "      <td>-0.0077471345</td>\n",
       "      <td>-0.3536919670</td>\n",
       "      <td>0.2396916855</td>\n",
       "      <td>0.4001559481</td>\n",
       "    </tr>\n",
       "    <tr>\n",
       "      <th>Horror</th>\n",
       "      <td>-0.1093038625</td>\n",
       "      <td>-0.1521140404</td>\n",
       "      <td>-0.2170142414</td>\n",
       "      <td>-0.0875974161</td>\n",
       "      <td>-0.1963070364</td>\n",
       "      <td>-0.0128982572</td>\n",
       "      <td>0.1499043738</td>\n",
       "      <td>-0.1650324175</td>\n",
       "      <td>-0.0704291997</td>\n",
       "      <td>0.0969408492</td>\n",
       "      <td>-0.1199592783</td>\n",
       "      <td>1.0000000000</td>\n",
       "      <td>0.1556187883</td>\n",
       "      <td>NaN</td>\n",
       "      <td>-0.0341635476</td>\n",
       "      <td>-0.2392532896</td>\n",
       "      <td>0.1185138405</td>\n",
       "      <td>-0.0445168895</td>\n",
       "      <td>-0.0782755691</td>\n",
       "      <td>-0.0624551649</td>\n",
       "      <td>-0.1148098566</td>\n",
       "      <td>-0.1489559948</td>\n",
       "      <td>-0.0665662370</td>\n",
       "      <td>-0.1736589644</td>\n",
       "      <td>-0.0636701996</td>\n",
       "      <td>-0.0847977545</td>\n",
       "      <td>-0.0622516852</td>\n",
       "      <td>0.0595485624</td>\n",
       "      <td>0.1867442776</td>\n",
       "      <td>-0.1717758616</td>\n",
       "      <td>-0.0527662820</td>\n",
       "    </tr>\n",
       "    <tr>\n",
       "      <th>Thriller</th>\n",
       "      <td>-0.0437381125</td>\n",
       "      <td>0.0161745882</td>\n",
       "      <td>-0.0520764048</td>\n",
       "      <td>0.0285480685</td>\n",
       "      <td>0.0275854043</td>\n",
       "      <td>0.1734682119</td>\n",
       "      <td>0.3154495873</td>\n",
       "      <td>-0.2424040752</td>\n",
       "      <td>-0.1218613606</td>\n",
       "      <td>0.1251747837</td>\n",
       "      <td>-0.2278427137</td>\n",
       "      <td>0.1556187883</td>\n",
       "      <td>1.0000000000</td>\n",
       "      <td>NaN</td>\n",
       "      <td>-0.0917574479</td>\n",
       "      <td>-0.0241966591</td>\n",
       "      <td>-0.1239195622</td>\n",
       "      <td>-0.0276755682</td>\n",
       "      <td>-0.1410847322</td>\n",
       "      <td>-0.1258435583</td>\n",
       "      <td>-0.0743405645</td>\n",
       "      <td>0.3794708134</td>\n",
       "      <td>0.3157641090</td>\n",
       "      <td>-0.4216906937</td>\n",
       "      <td>-0.0327436775</td>\n",
       "      <td>-0.1153206145</td>\n",
       "      <td>-0.0558419944</td>\n",
       "      <td>-0.0143019937</td>\n",
       "      <td>0.2368333954</td>\n",
       "      <td>-0.2088747337</td>\n",
       "      <td>-0.0983794553</td>\n",
       "    </tr>\n",
       "    <tr>\n",
       "      <th>Film-Noir</th>\n",
       "      <td>NaN</td>\n",
       "      <td>NaN</td>\n",
       "      <td>NaN</td>\n",
       "      <td>NaN</td>\n",
       "      <td>NaN</td>\n",
       "      <td>NaN</td>\n",
       "      <td>NaN</td>\n",
       "      <td>NaN</td>\n",
       "      <td>NaN</td>\n",
       "      <td>NaN</td>\n",
       "      <td>NaN</td>\n",
       "      <td>NaN</td>\n",
       "      <td>NaN</td>\n",
       "      <td>NaN</td>\n",
       "      <td>NaN</td>\n",
       "      <td>NaN</td>\n",
       "      <td>NaN</td>\n",
       "      <td>NaN</td>\n",
       "      <td>NaN</td>\n",
       "      <td>NaN</td>\n",
       "      <td>NaN</td>\n",
       "      <td>NaN</td>\n",
       "      <td>NaN</td>\n",
       "      <td>NaN</td>\n",
       "      <td>NaN</td>\n",
       "      <td>NaN</td>\n",
       "      <td>NaN</td>\n",
       "      <td>NaN</td>\n",
       "      <td>NaN</td>\n",
       "      <td>NaN</td>\n",
       "      <td>NaN</td>\n",
       "    </tr>\n",
       "    <tr>\n",
       "      <th>Musical</th>\n",
       "      <td>0.0334041935</td>\n",
       "      <td>0.0082260521</td>\n",
       "      <td>0.0082084803</td>\n",
       "      <td>-0.0138026387</td>\n",
       "      <td>-0.0466620135</td>\n",
       "      <td>-0.0371233085</td>\n",
       "      <td>-0.0405150262</td>\n",
       "      <td>0.0530054443</td>\n",
       "      <td>-0.0275727379</td>\n",
       "      <td>-0.0325854349</td>\n",
       "      <td>0.1693776010</td>\n",
       "      <td>-0.0341635476</td>\n",
       "      <td>-0.0917574479</td>\n",
       "      <td>NaN</td>\n",
       "      <td>1.0000000000</td>\n",
       "      <td>-0.0049709340</td>\n",
       "      <td>0.0817091888</td>\n",
       "      <td>-0.0174281765</td>\n",
       "      <td>0.1990583149</td>\n",
       "      <td>0.1286082958</td>\n",
       "      <td>0.0437089387</td>\n",
       "      <td>-0.0511029337</td>\n",
       "      <td>-0.0696022510</td>\n",
       "      <td>0.0548377622</td>\n",
       "      <td>-0.0164976004</td>\n",
       "      <td>0.0107282100</td>\n",
       "      <td>-0.0157848993</td>\n",
       "      <td>-0.0031564448</td>\n",
       "      <td>-0.1036532751</td>\n",
       "      <td>0.0247903193</td>\n",
       "      <td>0.2765929922</td>\n",
       "    </tr>\n",
       "    <tr>\n",
       "      <th>Drama</th>\n",
       "      <td>-0.2035453702</td>\n",
       "      <td>-0.2212159658</td>\n",
       "      <td>0.3396078128</td>\n",
       "      <td>-0.0433325135</td>\n",
       "      <td>0.3263147260</td>\n",
       "      <td>0.0164756866</td>\n",
       "      <td>-0.0056865891</td>\n",
       "      <td>0.1634093891</td>\n",
       "      <td>0.0504712840</td>\n",
       "      <td>-0.2188480617</td>\n",
       "      <td>-0.2135534393</td>\n",
       "      <td>-0.2392532896</td>\n",
       "      <td>-0.0241966591</td>\n",
       "      <td>NaN</td>\n",
       "      <td>-0.0049709340</td>\n",
       "      <td>1.0000000000</td>\n",
       "      <td>-0.2009645721</td>\n",
       "      <td>0.0100022218</td>\n",
       "      <td>-0.1598221968</td>\n",
       "      <td>0.0718283016</td>\n",
       "      <td>-0.2573637639</td>\n",
       "      <td>0.0625396169</td>\n",
       "      <td>-0.2661128343</td>\n",
       "      <td>-0.2584712635</td>\n",
       "      <td>0.1526744893</td>\n",
       "      <td>0.2427513201</td>\n",
       "      <td>0.1686354698</td>\n",
       "      <td>-0.0210366969</td>\n",
       "      <td>0.1914542296</td>\n",
       "      <td>-0.1706214601</td>\n",
       "      <td>-0.0733292906</td>\n",
       "    </tr>\n",
       "    <tr>\n",
       "      <th>Fantasy</th>\n",
       "      <td>0.1742278133</td>\n",
       "      <td>0.2100131803</td>\n",
       "      <td>-0.0678357365</td>\n",
       "      <td>0.0639547790</td>\n",
       "      <td>-0.0924768352</td>\n",
       "      <td>-0.0382638773</td>\n",
       "      <td>-0.0250803120</td>\n",
       "      <td>-0.0254341487</td>\n",
       "      <td>-0.0502463361</td>\n",
       "      <td>-0.0082754686</td>\n",
       "      <td>0.3413307363</td>\n",
       "      <td>0.1185138405</td>\n",
       "      <td>-0.1239195622</td>\n",
       "      <td>NaN</td>\n",
       "      <td>0.0817091888</td>\n",
       "      <td>-0.2009645721</td>\n",
       "      <td>1.0000000000</td>\n",
       "      <td>-0.0247681243</td>\n",
       "      <td>0.2572436729</td>\n",
       "      <td>-0.0391993090</td>\n",
       "      <td>0.2507914719</td>\n",
       "      <td>-0.1755742387</td>\n",
       "      <td>0.0165877105</td>\n",
       "      <td>0.0501550007</td>\n",
       "      <td>-0.0549307779</td>\n",
       "      <td>-0.0919642828</td>\n",
       "      <td>-0.0697236617</td>\n",
       "      <td>-0.0093081082</td>\n",
       "      <td>-0.2000411050</td>\n",
       "      <td>0.1544724333</td>\n",
       "      <td>0.1600461656</td>\n",
       "    </tr>\n",
       "    <tr>\n",
       "      <th>Western</th>\n",
       "      <td>-0.0038833069</td>\n",
       "      <td>0.0348889168</td>\n",
       "      <td>0.0299270088</td>\n",
       "      <td>-0.0039728095</td>\n",
       "      <td>0.0887114100</td>\n",
       "      <td>0.0566757569</td>\n",
       "      <td>-0.0252765782</td>\n",
       "      <td>-0.0072862358</td>\n",
       "      <td>-0.0125616048</td>\n",
       "      <td>-0.0282929298</td>\n",
       "      <td>-0.0174200717</td>\n",
       "      <td>-0.0445168895</td>\n",
       "      <td>-0.0276755682</td>\n",
       "      <td>NaN</td>\n",
       "      <td>-0.0174281765</td>\n",
       "      <td>0.0100022218</td>\n",
       "      <td>-0.0247681243</td>\n",
       "      <td>1.0000000000</td>\n",
       "      <td>0.0017299663</td>\n",
       "      <td>-0.0128113439</td>\n",
       "      <td>0.0482034205</td>\n",
       "      <td>-0.0015929732</td>\n",
       "      <td>0.0506805593</td>\n",
       "      <td>-0.0473663613</td>\n",
       "      <td>0.0236130750</td>\n",
       "      <td>0.0135741272</td>\n",
       "      <td>0.0368273925</td>\n",
       "      <td>-0.0033535600</td>\n",
       "      <td>-0.0030395946</td>\n",
       "      <td>0.0039054954</td>\n",
       "      <td>-0.0030302353</td>\n",
       "    </tr>\n",
       "    <tr>\n",
       "      <th>Animation</th>\n",
       "      <td>0.2043638419</td>\n",
       "      <td>0.2371940192</td>\n",
       "      <td>0.0810181251</td>\n",
       "      <td>0.0465777885</td>\n",
       "      <td>-0.2129369549</td>\n",
       "      <td>-0.1067772040</td>\n",
       "      <td>-0.0385411365</td>\n",
       "      <td>-0.0566140742</td>\n",
       "      <td>-0.0058144142</td>\n",
       "      <td>0.0479976195</td>\n",
       "      <td>0.5669000308</td>\n",
       "      <td>-0.0782755691</td>\n",
       "      <td>-0.1410847322</td>\n",
       "      <td>NaN</td>\n",
       "      <td>0.1990583149</td>\n",
       "      <td>-0.1598221968</td>\n",
       "      <td>0.2572436729</td>\n",
       "      <td>0.0017299663</td>\n",
       "      <td>1.0000000000</td>\n",
       "      <td>-0.0000744590</td>\n",
       "      <td>0.3418352675</td>\n",
       "      <td>-0.0999444401</td>\n",
       "      <td>-0.0380310862</td>\n",
       "      <td>0.1482311758</td>\n",
       "      <td>-0.0162497753</td>\n",
       "      <td>-0.0420979520</td>\n",
       "      <td>-0.0282955511</td>\n",
       "      <td>-0.0054868655</td>\n",
       "      <td>-0.2169043152</td>\n",
       "      <td>0.0882049346</td>\n",
       "      <td>0.4514589885</td>\n",
       "    </tr>\n",
       "    <tr>\n",
       "      <th>Music</th>\n",
       "      <td>-0.0282890411</td>\n",
       "      <td>-0.0631174723</td>\n",
       "      <td>-0.0091522934</td>\n",
       "      <td>-0.0643665200</td>\n",
       "      <td>0.0134078335</td>\n",
       "      <td>-0.0232096563</td>\n",
       "      <td>-0.0548032170</td>\n",
       "      <td>0.0856781457</td>\n",
       "      <td>-0.0380411036</td>\n",
       "      <td>-0.0550195507</td>\n",
       "      <td>0.0067469778</td>\n",
       "      <td>-0.0624551649</td>\n",
       "      <td>-0.1258435583</td>\n",
       "      <td>NaN</td>\n",
       "      <td>0.1286082958</td>\n",
       "      <td>0.0718283016</td>\n",
       "      <td>-0.0391993090</td>\n",
       "      <td>-0.0128113439</td>\n",
       "      <td>-0.0000744590</td>\n",
       "      <td>1.0000000000</td>\n",
       "      <td>-0.0534874096</td>\n",
       "      <td>-0.0517221139</td>\n",
       "      <td>-0.0916763156</td>\n",
       "      <td>0.0474220851</td>\n",
       "      <td>-0.0068044839</td>\n",
       "      <td>0.0879673379</td>\n",
       "      <td>-0.0055233063</td>\n",
       "      <td>-0.0041160482</td>\n",
       "      <td>-0.0497524038</td>\n",
       "      <td>0.0388653829</td>\n",
       "      <td>0.0382405104</td>\n",
       "    </tr>\n",
       "    <tr>\n",
       "      <th>Adventure</th>\n",
       "      <td>0.3469673476</td>\n",
       "      <td>0.4649379745</td>\n",
       "      <td>-0.0177603582</td>\n",
       "      <td>0.1919103227</td>\n",
       "      <td>0.0363079664</td>\n",
       "      <td>0.0949632038</td>\n",
       "      <td>-0.0745800847</td>\n",
       "      <td>-0.1260642211</td>\n",
       "      <td>-0.0525199045</td>\n",
       "      <td>0.2279624676</td>\n",
       "      <td>0.3943738865</td>\n",
       "      <td>-0.1148098566</td>\n",
       "      <td>-0.0743405645</td>\n",
       "      <td>NaN</td>\n",
       "      <td>0.0437089387</td>\n",
       "      <td>-0.2573637639</td>\n",
       "      <td>0.2507914719</td>\n",
       "      <td>0.0482034205</td>\n",
       "      <td>0.3418352675</td>\n",
       "      <td>-0.0534874096</td>\n",
       "      <td>1.0000000000</td>\n",
       "      <td>-0.1801063792</td>\n",
       "      <td>0.2788743762</td>\n",
       "      <td>-0.0136177518</td>\n",
       "      <td>-0.0012918634</td>\n",
       "      <td>-0.0621454638</td>\n",
       "      <td>0.0168261567</td>\n",
       "      <td>-0.0119838367</td>\n",
       "      <td>-0.3162641027</td>\n",
       "      <td>0.2595496800</td>\n",
       "      <td>0.1993002446</td>\n",
       "    </tr>\n",
       "    <tr>\n",
       "      <th>Crime</th>\n",
       "      <td>-0.0926299065</td>\n",
       "      <td>-0.0749877964</td>\n",
       "      <td>0.0492459099</td>\n",
       "      <td>-0.0096175500</td>\n",
       "      <td>0.0236952696</td>\n",
       "      <td>0.0692877187</td>\n",
       "      <td>0.1323917492</td>\n",
       "      <td>-0.1604489935</td>\n",
       "      <td>-0.0874699154</td>\n",
       "      <td>-0.1454062128</td>\n",
       "      <td>-0.1546551437</td>\n",
       "      <td>-0.1489559948</td>\n",
       "      <td>0.3794708134</td>\n",
       "      <td>NaN</td>\n",
       "      <td>-0.0511029337</td>\n",
       "      <td>0.0625396169</td>\n",
       "      <td>-0.1755742387</td>\n",
       "      <td>-0.0015929732</td>\n",
       "      <td>-0.0999444401</td>\n",
       "      <td>-0.0517221139</td>\n",
       "      <td>-0.1801063792</td>\n",
       "      <td>1.0000000000</td>\n",
       "      <td>0.1709658104</td>\n",
       "      <td>-0.1159181580</td>\n",
       "      <td>-0.0802212293</td>\n",
       "      <td>-0.0228476411</td>\n",
       "      <td>-0.0568715032</td>\n",
       "      <td>-0.0120221024</td>\n",
       "      <td>0.2658180375</td>\n",
       "      <td>-0.2443816539</td>\n",
       "      <td>-0.0755643981</td>\n",
       "    </tr>\n",
       "    <tr>\n",
       "      <th>Action</th>\n",
       "      <td>0.1989003109</td>\n",
       "      <td>0.3495645568</td>\n",
       "      <td>-0.0946854480</td>\n",
       "      <td>0.1538750754</td>\n",
       "      <td>0.0737841686</td>\n",
       "      <td>0.2313044769</td>\n",
       "      <td>-0.0514593519</td>\n",
       "      <td>-0.1999999663</td>\n",
       "      <td>-0.0465717126</td>\n",
       "      <td>0.2788487314</td>\n",
       "      <td>-0.0633411621</td>\n",
       "      <td>-0.0665662370</td>\n",
       "      <td>0.3157641090</td>\n",
       "      <td>NaN</td>\n",
       "      <td>-0.0696022510</td>\n",
       "      <td>-0.2661128343</td>\n",
       "      <td>0.0165877105</td>\n",
       "      <td>0.0506805593</td>\n",
       "      <td>-0.0380310862</td>\n",
       "      <td>-0.0916763156</td>\n",
       "      <td>0.2788743762</td>\n",
       "      <td>0.1709658104</td>\n",
       "      <td>1.0000000000</td>\n",
       "      <td>-0.2000831003</td>\n",
       "      <td>0.0341437018</td>\n",
       "      <td>-0.1092766736</td>\n",
       "      <td>-0.0240152723</td>\n",
       "      <td>-0.0139509186</td>\n",
       "      <td>-0.0421685782</td>\n",
       "      <td>0.0627490088</td>\n",
       "      <td>-0.0720698569</td>\n",
       "    </tr>\n",
       "    <tr>\n",
       "      <th>Comedy</th>\n",
       "      <td>0.0078094050</td>\n",
       "      <td>-0.0828610416</td>\n",
       "      <td>-0.1745911050</td>\n",
       "      <td>-0.1395985058</td>\n",
       "      <td>-0.3226186801</td>\n",
       "      <td>-0.2418511446</td>\n",
       "      <td>-0.2197028986</td>\n",
       "      <td>0.1876803232</td>\n",
       "      <td>0.0107698929</td>\n",
       "      <td>-0.1234206032</td>\n",
       "      <td>0.2309041175</td>\n",
       "      <td>-0.1736589644</td>\n",
       "      <td>-0.4216906937</td>\n",
       "      <td>NaN</td>\n",
       "      <td>0.0548377622</td>\n",
       "      <td>-0.2584712635</td>\n",
       "      <td>0.0501550007</td>\n",
       "      <td>-0.0473663613</td>\n",
       "      <td>0.1482311758</td>\n",
       "      <td>0.0474220851</td>\n",
       "      <td>-0.0136177518</td>\n",
       "      <td>-0.1159181580</td>\n",
       "      <td>-0.2000831003</td>\n",
       "      <td>1.0000000000</td>\n",
       "      <td>-0.1201502474</td>\n",
       "      <td>-0.1623294626</td>\n",
       "      <td>-0.1401161413</td>\n",
       "      <td>-0.0154688258</td>\n",
       "      <td>-0.2075580665</td>\n",
       "      <td>0.1867086159</td>\n",
       "      <td>0.0734136058</td>\n",
       "    </tr>\n",
       "    <tr>\n",
       "      <th>War</th>\n",
       "      <td>-0.0046963536</td>\n",
       "      <td>0.0438114564</td>\n",
       "      <td>0.1043518640</td>\n",
       "      <td>0.0268532424</td>\n",
       "      <td>0.1827891107</td>\n",
       "      <td>0.0794671858</td>\n",
       "      <td>-0.0468787218</td>\n",
       "      <td>-0.0162201129</td>\n",
       "      <td>-0.0289634826</td>\n",
       "      <td>-0.0638340314</td>\n",
       "      <td>-0.0585105214</td>\n",
       "      <td>-0.0636701996</td>\n",
       "      <td>-0.0327436775</td>\n",
       "      <td>NaN</td>\n",
       "      <td>-0.0164976004</td>\n",
       "      <td>0.1526744893</td>\n",
       "      <td>-0.0549307779</td>\n",
       "      <td>0.0236130750</td>\n",
       "      <td>-0.0162497753</td>\n",
       "      <td>-0.0068044839</td>\n",
       "      <td>-0.0012918634</td>\n",
       "      <td>-0.0802212293</td>\n",
       "      <td>0.0341437018</td>\n",
       "      <td>-0.1201502474</td>\n",
       "      <td>1.0000000000</td>\n",
       "      <td>0.0953233211</td>\n",
       "      <td>0.2984411480</td>\n",
       "      <td>-0.0052202245</td>\n",
       "      <td>0.0682159566</td>\n",
       "      <td>-0.0660967208</td>\n",
       "      <td>-0.0075377248</td>\n",
       "    </tr>\n",
       "    <tr>\n",
       "      <th>Biography</th>\n",
       "      <td>-0.0557928058</td>\n",
       "      <td>-0.0627624266</td>\n",
       "      <td>0.1745699935</td>\n",
       "      <td>-0.0016161723</td>\n",
       "      <td>0.2005520554</td>\n",
       "      <td>0.0381923973</td>\n",
       "      <td>-0.0824166946</td>\n",
       "      <td>-0.0058108207</td>\n",
       "      <td>0.1065445307</td>\n",
       "      <td>-0.0907209568</td>\n",
       "      <td>-0.0770369234</td>\n",
       "      <td>-0.0847977545</td>\n",
       "      <td>-0.1153206145</td>\n",
       "      <td>NaN</td>\n",
       "      <td>0.0107282100</td>\n",
       "      <td>0.2427513201</td>\n",
       "      <td>-0.0919642828</td>\n",
       "      <td>0.0135741272</td>\n",
       "      <td>-0.0420979520</td>\n",
       "      <td>0.0879673379</td>\n",
       "      <td>-0.0621454638</td>\n",
       "      <td>-0.0228476411</td>\n",
       "      <td>-0.1092766736</td>\n",
       "      <td>-0.1623294626</td>\n",
       "      <td>0.0953233211</td>\n",
       "      <td>1.0000000000</td>\n",
       "      <td>0.3170729181</td>\n",
       "      <td>-0.0057807928</td>\n",
       "      <td>0.0110953688</td>\n",
       "      <td>-0.0027687467</td>\n",
       "      <td>-0.0292038823</td>\n",
       "    </tr>\n",
       "    <tr>\n",
       "      <th>History</th>\n",
       "      <td>-0.0249679807</td>\n",
       "      <td>0.0385017784</td>\n",
       "      <td>0.1253871354</td>\n",
       "      <td>0.0051418208</td>\n",
       "      <td>0.2634213770</td>\n",
       "      <td>0.0692224816</td>\n",
       "      <td>-0.0495782277</td>\n",
       "      <td>-0.0125697557</td>\n",
       "      <td>0.0103099275</td>\n",
       "      <td>-0.0708455289</td>\n",
       "      <td>-0.0570217980</td>\n",
       "      <td>-0.0622516852</td>\n",
       "      <td>-0.0558419944</td>\n",
       "      <td>NaN</td>\n",
       "      <td>-0.0157848993</td>\n",
       "      <td>0.1686354698</td>\n",
       "      <td>-0.0697236617</td>\n",
       "      <td>0.0368273925</td>\n",
       "      <td>-0.0282955511</td>\n",
       "      <td>-0.0055233063</td>\n",
       "      <td>0.0168261567</td>\n",
       "      <td>-0.0568715032</td>\n",
       "      <td>-0.0240152723</td>\n",
       "      <td>-0.1401161413</td>\n",
       "      <td>0.2984411480</td>\n",
       "      <td>0.3170729181</td>\n",
       "      <td>1.0000000000</td>\n",
       "      <td>-0.0053907729</td>\n",
       "      <td>-0.0125948907</td>\n",
       "      <td>0.0173714652</td>\n",
       "      <td>-0.0167224051</td>\n",
       "    </tr>\n",
       "    <tr>\n",
